334.38
120.82
341.4
111.64
341.4
104.62
343.02
175.33
165.61
213.03
136.47
104.09
176.33
308.48
182.8
341.94
319.27
251.81
329.53
309.02
257.82
92.75
167.23
170.39
317.65
167.23
181.8
191.98
154.28
321.97
230.3
243.25
241.63
156.44
178.49
182.8
250.81
99.23
303.08
242.71
95.45
162.37
181.19
255.59
94.37
94.37
332.22
146.72
253.43
209.25
314.41
273.94
126.21
319.81
274.48
261.6
331.14
234.08
92.21
316.57
97.07
188.74
205.47
139.17
321.97
266.92
218.42
310.64
331.68
333.84
210.87
236.7
103.55
341.94
184.42
290.67
117.04
257.82
248.11
166.07
185.5
184.96
186.58
120.28
239.4
326.29
156.98
198.46
138.09
215.19
159.13
220.58
287.97
140.78
233.0
248.03
264.84
177.48
262.06
238.93
858.03
1073.64
775.59
1234.72
1084.34
635.6
940.92
1120.95
781.03
997.66
686.96
1239.83
1108.44
1101.44
1189.33
1164.49
700.15
655.05
873.07
699.15
1209.53
1097.38
774.74
1214.21
685.34
1084.37
600.84
768.59
595.94
717.96
1015.94
875.13
1110.0
765.99
873.88
615.95
725.16
1065.67
964.0
688.81
734.37
822.68
1001.12
735.23
796.75
1072.18
1222.72
1180.4
757.35
1018.82
773.54
1158.28
905.47
1002.29
1053.98
739.79
1205.66
814.56
647.25
673.15
950.28
494.52
1075.78
770.92
1048.64
1124.78
564.68
779.48
1231.47
421.66
579.25
757.35
808.25
836.08
867.82
1145.77
1059.18
785.7
531.22
625.2
1037.24
949.57
761.73
1237.16
826.97
770.68
712.16
763.29
695.09
999.85
1043.83
1016.92
1039.23
673.71
615.38
1044.67
805.93
563.6
583.57
878.25
1854.59
1495.32
1464.9
1006.39
1132.67
2121.79
1178.4
1015.02
1275.7
1897.03
1405.74
1447.74
1358.2
1119.65
1700.75
1674.61
1504.12
1425.19
1624.5
1642.95
1184.41
1302.99
2064.24
1727.34
1409.39
1054.77
1532.62
1648.85
1034.37
1620.06
700.45
1394.97
1192.35
1623.93
1004.3
1760.89
1231.29
1472.5
1632.73
1309.72
1116.41
1144.05
842.78
1366.31
1515.11
1859.04
1737.94
1980.9
1393.55
1958.47
1356.03
1385.64
1815.6
1503.02
1866.81
1034.99
1190.49
910.4
1726.83
1133.14
1380.05
1655.82
1853.48
1406.69
1591.64
1719.91
1889.26
1180.25
1285.18
1827.26
1572.95
1686.39
1287.76
1170.53
985.42
1293.76
1834.82
1492.3
1423.08
1042.93
1796.26
1088.5
1254.03
1905.03
1344.09
1852.15
1844.6
1173.33
1650.25
1217.41
1917.47
1577.84
1807.93
1974.91
1150.87
1256.94
1012.79
2150.75
1500.82
1638.05
1436.41
913.79
1054.0
797.91
886.5
713.64
650.86
1013.2
944.01
1269.98
924.74
885.61
928.91
832.09
902.86
869.46
842.09
635.27
828.72
708.56
1252.99
768.69
893.24
964.21
1025.98
852.41
1312.98
1188.28
753.91
1038.56
520.66
656.12
625.9
1547.62
992.77
710.48
806.92
641.55
840.47
888.5
622.58
801.61
1010.65
1367.97
901.84
898.69
1065.78
625.36
771.95
1231.32
1399.08
1151.33
608.63
1229.77
708.26
601.53
948.19
1086.23
709.04
566.45
824.03
788.9
1411.64
1013.9
571.39
1175.4
1287.32
834.36
633.38
860.53
901.84
755.58
1103.3
893.62
1092.73
1186.1
914.87
734.7
640.39
1258.32
643.55
876.09
1029.95
634.49
1191.77
940.79
1546.07
523.97
813.14
1050.89
829.58
845.32
823.47
971.14
1377.31
891.66
1047.11
728.36
943.47
1254.11
1030.6
628.91
895.75
1342.2
769.59
522.22
1181.77
782.64
573.16
1338.98
849.03
907.24
838.46
943.4
722.58
721.82
1220.03
469.31
1511.74
421.81
1148.11
532.78
696.29
886.65
843.14
897.58
1401.3
730.59
395.83
1105.15
403.93
676.55
1052.12
1065.0
649.71
1701.27
808.01
958.57
851.96
858.25
950.41
978.24
610.27
519.23
502.0
1068.45
526.05
761.73
1050.02
552.96
311.04
392.2
443.08
667.28
865.58
662.2
938.62
866.61
450.94
768.57
1075.93
771.52
763.41
705.82
1185.81
523.83
1101.76
887.97
927.33
384.27
752.13
678.51
919.51
712.27
830.32
907.16
885.22
1204.83
847.93
456.43
649.41
757.64
374.35
387.57
813.61
615.81
1218.91
909.67
669.95
1304.52
521.44
507.64
448.06
771.96
478.24
349.77
862.08
672.53
842.53
906.51
836.56
876.21
564.56
325.27
858.06
329.38
933.69
691.25
858.64
523.87
749.56
655.29
697.06
410.82
341.23
851.48
783.26
1079.3
793.69
478.42
1128.91
886.19
1016.11
422.84
579.0
502.79
521.97
646.81
859.94
421.39
689.83
921.26
725.71
600.12
425.92
644.69
1382.1
399.44
980.05
714.61
714.21
768.91
644.67
252.64
452.68
407.53
938.75
1073.65
404.92
913.09
993.95
785.1
861.13
1218.73
827.93
433.58
702.51
866.23
975.06
910.78
738.23
1112.53
1173.15
625.75
912.59
766.52
639.88
614.22
1083.86
1146.73
689.56
555.09
796.53
1254.6
876.57
777.63
1018.61
705.4
1075.44
570.18
676.21
822.06
640.12
720.53
795.26
960.72
1168.9
1113.66
806.02
1192.08
1054.59
869.09
1105.22
1142.48
812.54
1019.54
1143.98
1152.48
644.44
978.14
1084.85
783.65
1233.27
1055.58
606.49
909.58
797.47
544.25
647.35
958.63
985.21
1053.63
743.03
1148.23
884.95
935.73
796.7
1061.3
1009.19
582.22
1275.75
418.14
995.88
608.17
886.0
863.42
1249.01
748.76
1258.91
739.03
689.79
821.52
735.93
1042.56
1140.62
862.1
1109.72
1069.28
780.63
1189.69
460.54
943.33
817.01
1104.21
1224.21
769.98
559.47
1076.69
1115.85
721.68
1524.18
1544.51
1780.71
1702.94
1563.75
1874.03
1745.71
1771.69
1654.95
1661.16
1775.38
1682.94
1584.65
1744.05
1827.53
1780.71
1720.25
1744.16
1598.06
1774.82
1664.29
1585.46
1547.62
1609.96
1769.05
1648.27
1499.41
1782.38
1348.39
1658.83
1780.39
1681.94
1666.61
1746.49
1650.28
1757.64
1413.4
1821.93
1979.51
1366.26
1531.18
1831.26
1717.24
1517.96
1589.53
1840.59
1503.5
1754.39
1907.48
1821.26
1467.04
1690.61
1564.07
1581.51
1870.15
1713.87
1627.84
1689.05
1563.29
1581.95
1631.21
1527.88
1554.0
1700.87
1627.03
1798.39
1685.28
1525.55
1904.37
1428.03
1919.92
1518.85
1556.32
1727.8
1813.71
1816.6
1488.87
1625.39
1772.16
1530.62
1746.49
1441.08
1625.95
1952.69
1594.17
1539.73
1827.65
1418.52
1525.96
1683.72
1454.04
1613.73
1857.7
1602.53
1758.16
1642.28
1797.93
1647.17
1454.85
1711.43
1344.05
551.29
1047.33
2035.0
1129.5
794.67
1108.47
1182.95
736.93
1350.48
2211.22
1534.05
2067.9
1697.73
1250.07
2258.44
1576.17
1747.59
1900.32
1620.8
1199.55
2271.77
1621.06
1791.15
1657.61
1209.88
1450.63
773.85
1931.92
1227.74
2138.36
1356.44
1472.46
366.19
1274.98
2036.35
724.12
1864.45
1408.64
335.92
1826.6
1841.37
1111.47
529.68
1394.53
1637.13
2251.3
801.22
1711.32
2024.62
1713.99
943.66
1339.69
2177.0
1482.68
988.34
1516.4
1663.71
1148.8
2358.57
1231.98
1140.08
356.85
169.43
1359.64
934.05
1400.42
2190.57
1357.14
882.8
1477.39
1514.19
952.14
406.63
1362.54
1214.2
1201.83
1403.4
556.58
1341.3
1373.61
1061.9
1545.17
1432.52
517.64
1486.57
954.11
1575.62
876.63
1873.51
2003.8
1007.79
1282.02
1075.15
1087.16
1779.83
1852.72
910.01
835.22
861.69
1721.94
1814.09
1656.08
1850.63
2067.87
1686.24
1901.48
1445.91
1388.92
1668.01
1572.84
922.3
1277.01
1062.38
1280.98
1140.15
1431.52
1103.49
1457.08
1350.24
970.53
1763.38
1410.96
1290.2
827.48
2082.24
1298.6
1344.09
1438.43
1833.15
498.07
1125.55
1246.56
308.23
549.87
1451.69
1026.34
618.6
1926.35
913.75
615.91
1332.29
806.0
1820.71
911.01
2076.91
2017.58
1183.88
758.71
1628.61
1331.27
1501.29
1567.44
2080.68
1297.98
580.33
1192.77
627.92
1103.76
1663.94
1999.36
945.17
588.69
1096.71
1577.76
1078.47
846.56
1294.86
1451.08
2170.01
1475.08
2302.38
1023.56
1651.02
1173.1
1298.64
1582.79
2514.49
1802.07
1612.98
1317.87
2060.54
1863.7
1521.98
1717.36
1708.1
479.02
818.13
683.57
1386.18
2130.23
1479.47
1167.77
904.65
1030.29
1186.54
1599.97
1594.4
1094.84
1545.41
1131.05
1210.76
2086.2
1126.4
1112.33
1559.22
1482.14
1760.09
1509.65
2134.9
1362.0
1320.26
1845.01
1451.35
1916.46
2359.65
1837.51
2104.79
1395.16
972.85
814.92
2398.43
1701.79
1822.71
1262.85
1806.02
1149.22
466.95
1240.19
1563.67
575.33
1079.63
1271.22
1674.86
2096.88
1246.91
1492.96
2256.11
2222.78
1773.54
1424.62
1293.62
1766.35
1066.49
2195.56
1805.15
893.59
1605.2
1766.46
2013.05
759.48
693.26
2061.13
2012.87
1638.84
2445.09
1133.14
2192.2
1236.58
2152.23
1444.31
1843.44
690.82
1256.32
1954.56
1411.1
833.37
1387.12
1178.17
1832.99
1668.06
1037.38
1345.14
1862.36
870.84
1385.64
1647.69
1977.88
1824.51
962.07
623.66
1037.34
661.45
1023.08
1667.51
954.24
1372.77
997.37
1097.6
1330.51
1406.5
751.44
1963.6
1287.57
1019.01
1327.72
603.92
1487.57
977.68
1367.77
847.64
1533.9
798.65
2401.53
1137.67
1557.07
1415.17
1594.66
900.45
1978.11
1976.64
1148.17
1311.01
1393.65
1554.96
871.94
1562.24
1644.84
1934.45
1206.37
1455.43
1668.17
876.36
1359.2
1027.53
1239.21
1180.79
1553.96
1764.71
957.58
1577.11
1477.7
1526.51
1400.51
1263.76
644.78
1162.55
2160.45
1853.66
971.9
1933.07
968.81
1281.63
1616.73
1568.31
1996.57
474.24
1179.48
1920.64
1923.25
915.79
948.41
1891.37
976.39
1721.1
1833.68
1450.97
1052.33
860.67
1900.21
1511.85
1662.72
1834.15
1506.3
1316.62
1382.75
1889.37
692.44
2054.68
1655.5
1126.68
1468.85
2177.46
721.48
1466.75
1131.05
2022.67
1679.72
1348.09
1314.92
1042.04
1981.13
1485.15
1310.98
703.76
792.22
1149.66
1252.57
1688.33
2035.57
1126.87
1134.33
1441.08
847.07
1320.29
1256.32
1595.73
1989.0
1771.11
863.0
1358.83
1454.19
311.75
2347.1
1529.15
1366.15
1689.61
1455.55
1951.25
789.2
714.04
1561.07
840.8
1707.48
1563.06
1895.59
395.83
1231.93
1391.04
1353.75
1531.6
1296.7
1245.86
1667.54
1156.27
1469.13
1601.4
1145.67
2102.45
2013.6
759.2
1697.44
657.38
1374.86
1538.22
1683.83
779.48
1122.01
1182.71
1100.06
1852.56
1069.76
1372.19
1660.61
1766.14
2145.79
1830.32
1612.27
1329.44
1247.02
1435.46
1343.42
1491.17
1459.19
564.59
422.29
1288.88
962.82
1949.32
1020.64
1894.14
432.54
1965.36
1523.11
1956.44
1835.25
535.72
1041.16
1763.21
522.82
1058.58
1379.91
1047.22
1684.15
1424.18
1934.57
1126.89
1304.5
848.87
1199.2
1209.51
1491.07
1141.61
1248.09
1642.72
527.73
1279.71
645.1
1481.66
1471.8
422.29
1187.42
657.5
957.57
1325.76
1859.48
1828.04
2112.46
1747.31
1016.57
1970.25
1671.61
880.17
998.15
667.58
1157.66
1698.56
1360.86
1759.27
1544.7
1714.88
717.88
1711.94
1324.66
1684.39
1488.74
2037.57
1168.99
1407.64
777.92
1363.64
820.26
1017.41
1652.72
1375.3
1812.44
1803.85
948.1
1134.66
1427.17
815.14
2088.04
968.04
913.02
1886.37
1149.6
2090.79
545.69
417.42
1281.25
1758.32
2113.37
1613.08
1712.82
1110.84
1328.2
1835.98
1736.95
1317.34
1118.44
1931.92
1519.8
1742.37
1354.73
1805.57
2135.89
2210.78
1547.94
777.26
700.2
1271.53
1149.21
1396.63
1147.48
1944.09
1189.34
704.0
1194.67
1606.62
1662.43
1228.05
1045.86
1692.35
1366.21
875.24
1355.0
1028.01
1240.99
1215.04
708.08
1793.82
1102.76
1195.74
1331.59
1019.34
1319.85
1848.44
675.32
1307.87
573.46
572.94
905.47
942.35
1118.56
958.46
1758.45
1304.76
1626.28
809.29
1608.4
1237.15
1641.33
607.39
1306.54
2500.68
1971.91
1337.7
1341.23
511.48
1602.76
1283.32
1564.55
957.68
1705.96
1610.51
1297.06
1279.66
1649.61
1022.01
1983.58
1998.43
2124.86
1270.32
1616.28
1344.47
1324.24
1846.46
683.25
1903.4
1539.3
1709.11
1137.58
1119.88
1646.53
1419.79
1575.89
1974.58
1269.3
1879.75
801.84
1219.02
2234.55
1669.06
1805.26
2096.42
1299.74
1126.87
1890.34
1096.8
1603.12
1144.05
1411.65
1658.28
2135.12
959.97
658.13
1380.78
1673.65
1337.61
351.04
1009.75
865.45
988.68
1798.82
985.9
1745.02
1516.07
1960.97
1175.66
1935.27
1387.03
1187.03
1318.9
2103.79
1250.96
1729.59
1683.7
1573.92
594.3
1385.75
1332.64
1026.21
1149.21
1598.0
2077.77
614.6
1537.07
995.88
1686.54
1711.94
735.23
1977.42
1035.03
2010.97
931.6
1690.61
1248.32
2482.1
1050.7
1135.37
1953.69
1702.72
1199.47
795.64
1152.33
1955.12
1980.81
1748.28
1157.31
458.62
1928.91
1031.12
1174.97
1146.86
2316.1
923.1
1233.02
1469.59
1133.99
636.69
1685.5
1083.12
1054.0
1767.81
1024.66
888.98
1091.34
1238.43
1484.61
1665.01
2161.32
1328.31
1087.9
830.83
1200.82
1713.4
1483.52
1381.2
1494.04
661.36
1609.39
1216.48
840.58
1359.0
1691.96
2148.14
1711.43
1149.48
1531.51
940.62
1286.04
1897.65
854.19
2106.79
1291.27
1775.93
540.93
666.71
1284.55
1118.57
1984.85
991.49
2244.1
1165.53
1188.35
1731.1
650.39
973.39
2081.56
1707.05
641.09
841.1
672.54
888.98
1016.56
1200.19
1615.28
1245.93
1548.4
631.83
719.47
545.07
1413.01
1077.16
1794.18
1146.48
2372.87
1589.44
257.36
1627.16
892.92
666.99
1248.63
1454.04
963.13
1798.97
2168.86
1496.2
774.04
344.71
1091.22
1170.07
1220.18
1235.88
440.98
1676.83
321.43
497.3
1718.05
1520.18
695.29
582.81
842.54
1135.75
1310.2
1538.23
1781.09
386.35
1033.41
775.55
1193.04
1511.29
1780.05
1477.84
1944.7
1799.15
1543.57
1965.36
1061.72
1641.24
1090.19
1229.54
1517.64
1043.45
1603.66
1760.63
1189.06
1459.03
1479.47
1913.3
1606.87
1318.56
919.07
1240.65
1083.26
1514.15
1628.06
1167.04
1365.44
2375.1
1945.86
2205.82
489.62
1287.49
1221.88
2342.43
1067.89
1007.7
1543.02
922.13
1868.37
2077.76
2115.68
1471.97
1410.31
975.93
2417.87
1624.48
576.5
968.27
910.32
1205.42
1338.75
1692.35
1060.69
1543.09
1342.64
1915.81
1670.03
708.08
973.27
1520.07
991.23
1457.63
1751.3
1322.42
529.29
930.35
1003.68
1193.44
1474.96
1098.6
1687.96
1541.11
623.11
1864.68
1227.81
1645.95
1162.11
1030.65
1559.22
1463.72
1906.36
2300.55
1932.72
1382.08
1249.76
1168.45
2211.59
1649.34
1431.3
1510.3
684.26
1463.79
1798.49
1503.68
1553.31
1016.58
1156.41
953.19
858.61
1730.47
763.15
251.81
837.85
488.58
1468.14
1056.58
850.49
722.5
1061.2
1241.16
1161.12
708.47
1316.87
1552.29
909.78
1749.74
1889.53
1437.3
1539.84
344.02
1593.79
1255.8
960.13
1281.09
1455.16
552.9
2023.74
1653.71
1239.83
601.84
2340.88
676.3
1984.25
1325.5
963.74
1409.08
1654.39
580.95
959.68
523.95
1467.85
1430.58
2169.33
558.91
1940.78
704.49
1085.49
976.09
1255.19
1998.9
1547.84
1937.81
2058.08
1182.77
775.86
1257.65
1974.58
1769.36
1258.27
1699.27
2267.43
1486.78
858.44
1318.77
1964.79
927.8
1300.49
1384.86
1357.09
1637.99
1602.62
1415.14
1537.14
1268.14
1970.32
1646.53
1751.85
1140.8
749.22
1364.16
1995.53
448.46
1594.87
958.13
1054.73
1594.29
1712.61
1908.59
1102.07
1302.37
1237.07
1111.09
1864.93
1582.84
2242.11
453.58
1237.21
1274.98
1397.98
1118.18
1354.89
2226.56
1330.25
629.55
1252.43
1558.18
1588.84
501.96
1695.29
805.7
647.7
1627.14
1151.87
1913.77
651.34
1930.33
1692.28
2096.88
2128.56
1355.31
1407.11
1556.65
2145.67
1496.01
1611.95
726.51
978.24
1224.65
856.03
1647.69
1283.48
1276.47
2373.54
1675.87
1430.12
1457.95
1064.29
1855.51
1942.9
2085.39
528.98
1166.99
767.79
1414.53
1797.74
1659.3
1676.31
2094.35
1412.82
1202.34
1182.19
1467.84
1729.95
1515.02
1144.32
885.26
665.29
1633.29
1462.3
1262.36
577.32
1133.22
895.05
775.39
879.83
1036.08
414.26
1227.81
946.56
1572.44
532.6
560.65
276.45
1844.32
684.26
624.62
1721.07
1388.32
1520.33
1671.72
1626.62
1660.34
1581.23
1647.97
1326.46
1068.33
1779.23
1600.02
1169.77
862.91
1235.53
1150.95
1322.9
524.13
1698.56
1897.14
1456.08
1188.33
1105.85
1060.2
1932.39
2284.22
1101.52
1084.72
1944.33
900.66
841.26
1234.63
1389.25
818.8
897.92
1627.84
1813.49
1747.31
1524.36
1662.68
1717.77
1372.63
2115.57
1628.5
1521.41
1258.29
933.78
1826.49
1364.88
1464.44
1285.87
1280.56
1844.41
1057.57
1065.44
637.23
1787.36
1750.06
708.08
839.23
1214.02
1322.34
1536.07
689.6
692.2
1472.38
1454.97
1376.31
1660.56
2424.4
2009.46
1539.3
1210.39
1237.65
1061.98
1145.06
1045.63
1789.09
664.82
1363.31
608.99
1532.06
1864.8
1592.72
1596.04
1163.11
1400.93
1643.4
654.6
970.36
1175.77
1537.76
1586.26
1105.38
846.56
1294.9
1284.72
167.69
700.15
1820.48
1447.37
916.8
1320.26
1711.04
722.93
603.46
1630.84
1665.45
1391.04
1662.67
2215.77
1261.78
1411.47
1471.22
1780.29
1512.32
1561.5
1586.43
1716.79
641.63
1571.84
862.05
1376.93
1515.21
903.69
1368.91
1695.5
1287.19
809.78
1573.49
1962.47
1336.42
1036.46
1116.92
1299.31
1321.45
1850.29
1782.04
524.36
196.84
821.58
1314.14
1710.04
1711.43
1403.42
1161.33
2029.54
2045.34
1768.67
765.92
1521.95
1549.07
1935.41
1905.19
1995.58
884.99
2011.66
1047.7
1123.44
1014.25
788.73
1318.2
1697.3
1569.8
969.44
1415.86
330.65
1832.48
1594.05
1697.42
509.55
809.16
1834.26
1634.92
2021.84
1149.18
1979.74
962.0
874.25
1862.92
1395.28
1109.78
558.21
791.29
1666.15
1785.49
1097.73
612.73
1380.01
536.34
883.29
2018.13
1360.82
1245.55
1321.34
1592.17
1364.98
1427.12
1045.9
1397.2
1994.6
1987.21
416.57
2214.96
1471.84
1975.8
1846.22
796.7
1062.67
660.6
1584.51
1666.5
966.57
1112.01
1994.77
517.34
785.42
787.04
1360.82
1600.61
2004.58
1095.45
1344.93
1451.41
1415.64
1943.28
789.25
1816.93
970.83
1879.05
812.56
1822.15
1757.58
2012.69
1731.17
762.98
1668.96
1205.0
1899.28
1320.72
1615.14
1784.85
828.75
534.47
1127.66
806.31
1061.0
1137.08
1995.58
1543.3
1460.3
1273.56
1580.4
1158.92
1719.49
2075.9
1264.52
1875.02
1579.69
1651.87
1762.59
1245.7
1095.22
2066.46
1608.8
997.67
1436.99
1820.55
1644.84
1446.95
1539.85
1596.26
1284.5
1128.49
1508.4
1850.98
762.2
1229.38
837.31
1775.29
1804.38
401.23
1310.42
2140.65
2058.22
1154.26
960.5
688.35
1007.45
1867.35
1283.48
1258.18
1242.99
744.48
1207.0
1946.31
929.65
1726.17
1306.46
373.4
1164.66
1518.82
1642.38
1416.19
1500.52
2045.02
1042.49
1233.43
1530.29
1433.95
1057.21
1574.59
952.59
1779.47
1181.02
1340.92
1512.74
1171.53
821.03
683.11
1476.68
962.09
1893.21
918.24
940.18
1846.73
1362.43
1176.78
917.63
1798.85
885.13
2223.66
1169.99
677.55
1518.36
1062.59
1535.99
2194.41
1147.25
1957.91
1725.96
1813.15
954.9
446.75
847.87
1147.53
1610.73
594.67
1819.17
1941.77
1006.24
1776.86
634.95
518.29
1401.62
899.45
163.24
829.55
1449.04
1394.66
1742.23
2170.84
1395.85
2100.12
2027.4
1347.29
1338.84
1814.99
939.35
1619.69
1439.4
2167.9
1374.23
1860.81
920.56
1572.84
1377.29
1100.74
1101.32
802.99
2161.32
875.13
1585.06
2351.1
692.74
1875.03
150.23
2184.89
838.16
1697.96
1669.52
715.63
1818.82
2223.08
1204.31
2144.81
677.15
1407.21
1414.17
1201.43
1021.43
2251.16
810.25
2008.24
1513.18
1383.02
283.64
1954.54
384.11
308.63
1450.25
918.42
1820.91
1406.09
1506.6
2023.97
1297.42
1192.49
1838.31
1264.1
884.8
1635.97
822.13
1628.06
910.14
1180.88
1485.96
1665.29
1515.02
874.91
1401.11
1230.54
1839.14
830.46
653.96
1060.56
1266.83
1065.19
1071.45
1508.14
1180.16
2033.69
875.09
1818.37
636.92
2002.13
2046.91
1952.23
813.86
1192.11
935.69
1718.4
1387.88
687.27
1811.48
927.28
983.64
682.49
973.77
416.88
1705.86
2082.95
1755.27
1239.69
1185.1
586.94
1417.64
1657.1
1180.17
459.76
1260.1
1690.31
463.76
905.6
872.13
897.06
1033.79
1477.93
847.87
488.32
881.96
2313.18
1831.24
1880.48
2155.28
874.22
1259.27
2173.16
1248.69
998.14
987.57
1603.32
1465.08
1650.17
876.63
1531.13
1905.03
1257.25
765.46
2044.87
1720.83
1219.03
1693.32
1267.76
1164.75
1857.26
1571.84
972.57
1651.02
1926.35
1137.04
565.72
1758.05
875.09
950.49
241.26
1152.64
1981.48
1418.49
1237.38
1489.74
1484.22
1615.65
1285.54
828.95
1137.4
627.16
1869.74
1667.83
942.24
1369.52
708.08
1685.77
1585.72
1422.69
808.92
1085.49
1707.71
2132.64
1355.55
1067.23
1417.8
948.06
1126.89
2193.71
1436.79
1737.44
1472.38
1076.47
1615.32
1015.41
1712.28
1134.06
1794.18
846.02
1022.35
1273.38
1428.26
1542.84
1156.36
1529.85
1325.27
1045.01
992.79
1620.41
1842.67
1364.52
1107.44
1433.44
1291.7
775.86
1494.66
631.42
1881.7
743.39
1262.98
684.26
1734.38
837.08
287.67
304.16
1991.2
1540.3
752.48
967.14
2157.56
1971.69
1097.83
2095.37
1155.54
1909.71
1338.52
1325.59
2128.12
987.96
613.87
2138.01
1294.58
1298.58
1675.72
2477.75
1688.87
1601.4
1763.53
1540.1
1269.76
1278.4
1058.95
1304.34
1193.91
2436.47
1803.15
1375.46
1482.13
2114.05
993.66
2152.38
1141.23
1551.32
1382.78
1703.04
1933.92
659.71
1160.97
1320.81
2460.64
1618.78
1117.64
1767.49
1629.0
1829.62
1298.36
1024.04
986.88
1715.96
486.73
2339.07
2136.7
2307.49
1605.52
1344.93
1680.98
1404.88
1969.4
311.97
1703.76
1161.9
895.32
2083.88
1670.91
1312.87
1543.28
1659.52
1480.85
1651.75
1520.33
1392.97
1486.54
856.5
1565.28
1106.22
915.95
628.98
721.04
622.08
1527.96
566.39
1350.52
896.8
1415.36
1743.13
1816.26
1805.66
2053.11
1451.35
1377.43
1555.16
2056.13
467.16
602.61
1194.74
1720.16
1794.31
1550.84
1720.49
733.15
509.33
1802.22
721.08
1786.2
1015.56
2170.84
1313.63
1401.44
1109.62
1328.2
1119.67
1416.25
2306.67
995.36
1820.48
1754.58
1424.97
1637.95
1681.88
2214.61
1439.95
1835.62
949.74
2255.44
901.86
684.88
1111.08
1054.23
1253.65
863.29
1303.09
1339.61
1833.47
1379.62
1616.06
1475.07
1039.43
1375.46
454.58
1457.4
1360.67
2283.11
2175.83
537.51
687.5
1469.71
2162.83
866.74
2040.11
757.82
1210.47
1315.47
854.36
2136.68
1822.69
297.02
1823.82
1699.05
1169.27
1068.45
595.59
1525.44
1470.32
2140.07
1700.17
1393.92
1683.56
1266.75
1921.22
1859.71
1672.06
1925.52
369.19
2029.73
1416.86
1968.39
527.13
760.92
2007.95
1877.69
1390.34
1099.52
1292.4
2076.56
1994.09
1176.47
1615.51
1827.19
1008.45
1368.22
1810.15
1388.08
1271.15
1080.15
831.75
1664.53
1647.7
1246.55
2035.24
2374.32
2257.1
1491.3
1270.25
710.09
1136.0
1196.2
724.82
1323.08
1247.88
1873.97
718.78
1499.44
1622.67
1754.87
1709.61
1061.96
1729.45
434.15
743.87
698.22
1400.94
801.22
1718.05
1520.45
2020.13
1621.42
1498.28
1088.96
346.26
987.35
1826.32
1255.27
1508.51
647.15
831.92
1221.35
1125.03
1173.67
1044.55
760.46
1275.94
1490.85
1522.03
994.23
1113.27
493.36
675.24
1497.28
1579.62
1733.72
1357.52
1699.36
1377.16
1541.81
2235.16
1321.65
1803.15
1771.58
1608.95
1020.79
1341.19
1975.55
280.49
2068.67
1918.78
1352.86
1329.53
1020.42
1461.11
594.3
1550.4
1548.04
1265.45
727.36
1496.41
1406.07
1781.67
624.85
1134.99
1959.8
644.17
1613.33
1751.16
953.34
1012.91
2055.68
1784.15
782.33
1711.04
1035.68
958.62
1283.42
1865.49
1182.66
1054.69
2259.22
1236.12
996.68
1871.11
1552.25
1173.64
779.47
1328.05
793.08
853.57
1427.04
1090.57
478.28
1705.96
394.44
1527.77
919.63
1315.18
1616.23
1797.6
1842.72
1418.34
421.56
1001.37
1574.18
1984.85
1050.8
1666.98
1920.25
1986.14
1039.44
1285.58
1173.15
1464.55
385.81
2459.87
1147.3
912.69
689.43
739.23
2134.5
1181.32
1447.95
1952.36
1858.53
1171.66
1731.79
1385.82
983.33
1671.06
1257.35
1677.79
1502.68
1659.99
2235.11
1509.11
1411.75
1053.12
949.49
1935.55
1767.62
1574.59
921.81
1893.48
1494.42
1467.52
1432.33
1145.21
1519.16
674.69
1058.37
1392.66
2399.09
1035.55
2045.88
1661.39
1236.38
2211.22
1006.97
1488.82
1206.98
1363.48
1511.8
803.77
1003.23
1270.81
1033.39
1915.07
1558.99
921.23
803.7
940.19
1128.2
2270.68
1371.87
766.04
2095.37
1560.78
1616.69
2410.87
1821.6
1682.74
1614.24
1734.44
876.62
658.6
1417.81
2018.46
1696.75
1390.64
2474.64
1419.75
1881.63
1404.07
1174.54
902.56
1520.88
1576.8
1303.92
770.05
1719.97
1803.04
1084.33
2156.44
1547.31
2178.15
1706.53
912.79
888.27
1231.1
1902.58
1908.7
1568.18
820.36
2156.56
1532.06
1888.26
1662.5
1342.93
2203.45
533.39
556.35
1359.85
1093.89
1404.53
1487.85
2113.76
823.45
1252.49
1264.52
567.85
1553.19
1483.53
1039.46
663.48
1609.39
1410.38
1806.4
1082.87
2187.9
1305.99
1306.93
941.67
1097.61
1391.57
1586.18
1091.58
457.07
692.07
1146.88
823.51
1790.37
1402.76
1360.11
2101.68
1991.35
1969.63
1562.75
1865.22
1739.89
1815.6
1319.72
1661.44
2072.62
2430.9
1420.49
1939.81
1477.36
1550.28
1817.8
1114.02
875.51
2207.22
1788.49
1427.51
878.63
1487.18
2262.33
1591.82
1894.33
1496.63
2077.38
917.49
1540.4
640.39
1250.56
1756.8
870.25
1002.47
1736.74
